120
889
537
623
54
210
577
215
338
571
339
434
896
515
777
34
508
770
691
285
0
157
727
980
122
703
667
530
779
818
307
787
402
462
173
584
648
696
532
884
588
903
533
74
440
328
772
298
590
697
780
970
597
267
681
458
2
74
573
997
317
259
401
68
58
170
584
190
64
116
431
89
235
301
875
583
63
108
670
345
101
163
745
869
921
921
317
682
755
418
462
478
368
580
238
679
966
97
812
861
998
659
837
714
384
128
39
542
516
583
493
78
237
549
356
253
876
199
625
870
602
579
796
625
676
896
368
254
801
524
166
945
837
723
357
966
841
788
662
660
823
296
726
685
196
903
138
627
763
799
